00000000000000000000000000000000
01111111111111100111111111111110
01000111000011100111000011100010
01000111000011100111000011100010
01111111111111100111111111111110
01111111111111111111111111111110
01000111111100000000111111100010
01000111001100000000110011100010
01111111001111100111110011111110
01111111001111100111110011111110
00000011000001100110000011000000
00000011000001100110000011000000
00000011001111111111110011000000
00000011001111111111110011000000
00000011001100000000110011000000
11111111111102222220111111111111
11111111111102222220111111111111
00000011001100000000110011000000
00000011001111111111110011000000
00000011001111111111110011000000
00000011001100000000110011000000
01111111111111100111111111111110
01000011000011100111000011000010
01110011000011100111000011001110
01110011111111100111111111001110
01110011111111111111111111001110
00111111001100000000110011111100
01111111001111100111110011111110
01000000000011100111000000000010
01000000000011100111000000000010
01111111111111111111111111111110
00000000000000000000000000000000
